0.2 0.1 0.1 0.3 0.2 0.1 0.1 0.1 0.2 0.1
0.3 0.2 0.1 0.1 0.1 0.1 0.1 0.1 0.1 0.1
0.5368471397448979 0.34281226420360446 0.25123963712033172 0.21716205730207816 0.1883538487772
0.2 0.3 0.1 0.2 0.1 0.1 0.2 0.1 0.2 0.1
0.1 0.05 0.05 0.15 0.05 0.1 0.05 0.0
1. 0.25 2. 0.2 3. 0.1 4. 0.3 5. 0.1 6. 0.1 7. 0.1 8. 0.1 9.
0.1 0.05 0.02 0.03 0.05 0.07 0.02 0.05 0.08 0.05
0.0 0.0 0.0 0.0 0.0 0.0 0.0 0.0 0.0 0.0
0.3 0.2 0.15 0.15 0.15 0.15 0.15 0.1
0.02 0.10 0.05 0.15 0.10 0.0
0.25 0.15 0.1 0.2 0.05 0.15 0.05 0.1 0.1
0.1 0.2 0.3 0.4 0.5 0.6 0.7 0.8 0.9 1.0
0.2 0.1 0.1 0.1 0.1 0.1 0.2 0.2 0.1 0.1
0.2 0.3 0.1 0.4 0.1 0.1 0.2 0.2 0.1 0.2
0.65 0.25 0.05 0.1 0.02 0.08 0.1 0.15 0.1
0.2065 0.1305 0.0785 0.0705 0.0665 0.0605 0.0565 0.0495 0.0435 0.0395
0.2 0.1 0.1 0.1 0.3 0.1 0.1 0.1 0.1 0.1
0.5 0.3 0.3 0.6 0.3 0.2 0.2 0.4 0.4 0.2
0.5 0.5 0.5 0.5 0.5 0.5 0.5 0.5 0.5 0.5
0.32498242941730243 0.28718111217753447 0.18834492430766564 0.15150
0.5 0.3 0.2 0.1 0.2 0.1 0.2 0.1 0.1 0.1
0.1 0.2 0.1 0.2 0.2 0.1 0.1 0.1 0.1 0.1
0.2 0.3 0.1 0.4 0.1 0.15 0.25 0.3 0.15 0
0.1 0.2 0.3 0.4 0.1 0.1 0.1 0.1 0.2 0.1
0.5 0.3 0.2 0.3 0.4 0.3 0.2 0.2
0.25 0.35 0.10 0.15 0.10 0.15 0.20 0.20 0.15
0.05 0.03 0.06 0.08 0.02 0.04 0.05 0.07 0.03
0.1 0.2 0.3 0.15 0.25 0.1 0.2 0.15 0.2 0.1
0.005 0.001 0.002 0.01 0.006 0.008 0.003 0.015
0.25 0.15 0.05 0.1 0.05 0.05 0.05 0.05 0.1
0.2 0.3 0.1 0.1 0.1 0.1 0.1 0.1 0.1 0.1
0.1 0.2 0.3 0.4 0.5 0.6 0.7 0.8 0.9 0.1
0.2 0.3 0.1 0.15 0.1 0.1 0.15 0.1 0.15
0.1 0.2 0.1 0.2 0.2 0.1 0.1 0.2 0.2 0.1
0.3 0.1 0.2 0.1 0.1 0.1
0.05 0.05 0.05 0.05 0.05 0.05 0.05 0.05 0.05
0.6 0.3 0.2 0.1 0.1 0.1 0.1 0.1 0.1 0.1
0.2 0.1 0.3 0.2 0.1 0.2 0.1 0.2 0.2 0.2
0.2 0.3 0.1 0.3 0.1 0.1 0.15 0.15
0.0 0.0 0.0 0.0 0.0 0.0 0.0 0.0 0.0 0.0
0.8 0.2 0.1 0.4 0.3 0.1 0.1 0.1 0.1 0.1
0.1 0.2 0.3 0.4 0.5 0.6 0.7 0.8 0.9
0.8 0.65 0.55 0.55 0.55 0.55 0.55 0.55 0.55 0.55 0.55
0.2 0.1 0.1 0.2 0.1 0.1 0.1 0.1 0.1 0.1
0.75 0.35 0.25 0.55 0.35 0.45 0.25 0
0.5 0.2 0.1 0.4 0.3 0.1 0.1 0.1 0.2 0.1
0.3 0.25 0.15 0.25 0.15 0.1 0.25 0.15 0.25
0.05 0.12 0.08 0.20 0.02 0.07 0.06 0
0.15 0.20 0.10 0.10 0.15 0.25 0.10 0.10 0.10
0.15 0.18 0.12 0.20 0.06 0.19 0.07 0.05 0.0
0.01 0.02 0.03 0.04 0.05 0.06 0.07 0.08 0.09
0.10 0.05 0.05 0.15 0.05 0.10 0.05 0.05
0.33 0.25 0.17 0.17 0.17 0.13 0.13 0.08 0.08 0.08
0.75 0.15 0.05 0.05 0.05 0.05 0.05 0
0.7 0.3 0.2 0.6 0.5 0.4 0.1 0.2 0.8 0.1
0.3 0.2 0.1 0.15 0.1 0.15 0.1
0.2 0.1 0.1 0.1 0.1 0.1 0.1 0.1 0.1 0.1
0.1 0.2 0.3 0.4 0.5 0.6 0.7 0.8 0.9 0.1.
0.75 0.55 0.45 0.65 0.45 0.55 0.45 0
0.25 0.15 0.1 0.3 0.1 0.1 0.15 0.2 0.1 0
0.3 0.2 0.15 0.25 0.15 0.1 0.15 0.15
0.2 0.1 0.1 0.3 0.2 0.1 0.1 0.2 0.2 0.1
0.8 0.7 0.6 0.5 0.4 0.3 0.2 0.1 0.1 0.1
0.5 0.2 0.3 0.4 0.1 0.1 0.1 0.1 0.1 0.2
0.8 0.3 0.1 0.5 0.2 0.6 0.1 0.2 0.1 0.1
0.5 0.3 0.3 0.2 0.2 0.1 0.1 0.1 0.1 0.
0.3 0.2 0.15 0.25 0.1 0.1 0.15 0.2 0.15 0.1
0.1 0.15 0.2 0.25 0.3 0.35 0.4 0.45 0.5
0.15 0.25 0.10 0.30 0.05 0.10 0.05 0
0.2 0.1 0.1 0.3 0.2 0.1 0.1 0.1 0.1 0.1
0.3 0.2 0.1 0.4 0.1 0.2 0.1 0.1 0.3 0.3
0.8 0.7 0.5 0.6 0.4 0.5 0.3 0.6 0.7 0.4
0.1 0.2 0.3 0.4 0.5 0.6 0.7 0.8 0.9 0.1
0.85 0.15 0.05 0.10 0.30 0.15 0.05 0.10 0.20
0.1 0.2 0.1 0.2 0.1 0.2 0.1 0.1 0.1 0.1
